Ts = 1e-7;

Vin = 120; % V
Vout = 380; % V
Po = 500; % W
fs = 100e3; % Hz
L = 500e-6; % H
Rl = 20e-3; % Ohm
C = 200e-6; % F
